100
30514 40739484004519 75803567396805 80671930857586 46151440758610163 
357530 1019 932807 58011188978331169 1788904 
5 200 2813330 2134559103 98 
39 31056959 964607347026810 310179798611572 65 
36781 5178018 434050 15189996359365 142934883 
4 27557 40093585063205899 1598562092 76531316395 
68479982833 49238 33563 1649961 52268735462 
76214346691577 1 1947 285 8141474 
73904512062385545 8059 1 38 41520424 
6514 626289708867 50328 2751317 6613203188231 
132864532123 8 26 12 8201407724491 
46840222243046027 108993 68435954689641979 30672098327 270 
520813279569359 6231846300 4248646 29683720 5732533537 
1250496 3320 202395834 5 1050214 
479405483891 4614542078093 21718 2650950 99897676408718 
88701921179861 1976 4711967430649 2738002263 54766594468766234 
5282616708696097 7998335129 316483 99696082811 89560615706629 
79688575747201934 84817594387255697 568941651122144 84335376200 503433404060747 
22 82873684 955071754963 414 96639803 
1715911 76556 9 113280120868 13593811173485335 
3738094159 506233803541 73873675207 88278 187 
735874603663 231 594904313 4683573010985 945886502435485 
795896786689 35494084472664289 4398951459 875171228 434566633656 
4774873 24161553 9121259590315210 2490625532245256 1092066328 
1267390206837 82439092639536043 8032 93251213995297 972575876302 
101953069205894 2830212513684 22130069426824 29540122679 2829465056 
17119792555 81757095 321373481597 635471 39935345093028742 
4051 55396645011309 988918 5893 27667637524012 
9903393207793 2251099414 731090453248 75591577098 39 
942191941360707 2088521641517275 73553183898413 743115736516266 2093644938229 
530812860 2992974259 947423 3386376119522930 3306389560 
9 88886140243898 79990581991 61710 497797045116 
94159261 8 61002412467 127 1171886208784 
8543563727 4 5085748 2176668628 7650950538457865 
38640 797811447147 69 74 94493297 
7143613 1480076346957 640245817437009 68 6970875809 
89 91996510628652 40 4627348104069 6261398 
597 9903652876626 36337954500284680 7 1 
9 849330497 78901293 4919875 45033179366799442 
99792456 7384073 118317640563 135576014434967 286007209572 
677551 49269 85 67 6730972265740 
78822734674029 176127 6 713393308 8537321521 
3 1130754694 1668 5641901578653 573212323942926 
418759245377 6407359508429 1581391568919073 43511 68678409091 
9764100012 22896 2474925025797869 98872602297741 1887082999935481 
6 48 6030711719983 8 39781 
8 30838002374439459 277 10411836353 34129667 
81048404310272261 692074780 807917482914432 8135429403653939 653651363840 
7971262099977 906540187 8 296031181 7595 
6 735167534424 4292224607518 770719943669 9162445158229609 
8073511746857603 32888 8615547840 5240293 9983194392918 
7354 5794186373086220 553384639 1268923896680318 43254763 
35525316555462667 87619967351 8673778420161710 584 79192037944678 
7 801998 86403938 111716712281655 147173 
70630884831329161 4418638773 45011 2333319892 2695 
1234291608920 5734571 3295325357828903 5276 5225556971476474 
213892139885533 73537876063705 6574960973 3704854813976 7177 
1 16871 3513562787 215013416780411 52855562571 
1446301 404259030733412 58 256 645532318941 
9174294228577029 6788968979899 517183452995689 10157 551 
6 8164377 587420747937425 379131 56712558515904307 
9505059685811106 90 30117818 8760504290553601 749763671 
755 7766 7238983 7621729 7862477844848 
1 210562280720453 965 948822902352662 5564127426401843 
5 7747269212243 3071722183284 7884 7265670916188315 
7278550209157215 8 806402570 927412051 85 
775881 4 358622489 8049153430976174 56082793356810094 
22335156 919405589714780 34438563592501 80851464924930 4129 
7057338114092 798518479665632 6684133 2086911 80 
413552600014199 543836778 7890433710668822 2131968367 143924554051 
344 189 619225010534809 461 516616974679 
94701295074536 129621063108 525717621179 159247371 26838366883234919 
641 8 297879051398 443863911772078 4399 
264069503 8 12 63023873 29083540668409226 
1361 4351 88290 43712453388 503824123348 
35079413 81164953 71657815570304690 4511736091 8 
28595989237538 25 629 4885710953502711 5660725859 
825706 66740656299445 8368261315357 8539930271 82291 
54200941320 86753 3406518 8862 451019100951 
4801333559931 34959118756104462 303593907254 2506501778021 17736965123542254 
23270078 902777 65671370 903436300 583 
14395 7384177869 50388541479485359 4277839430599 924 
290249 8370751219527 90675351894059 552442389972 28584190350188942 
28131 43957644174 83021 5 3494 
9610909 670993 9 494700 97 
8805676810195171 1108 2550681 1 38426219397493722 
49442440 2910401497673 63995326792601 756077103800668 433646510572907 
14213183315 16105795798511225 7303945558280660 166287 88152781525091749 
72266462647375924 56110239 8360593553 5803524910119840 5 
44194408781832 354 961187092758 9820419062813038 3478116495389 
1606333819 84088431589491 92855591067172480 4 84582 
956979692 8167693771345395 758266896449230 367 135888171486 
12 5 92168800618404 8140744457 219800343084 
1465102933839503 93930856313845892 76529253049896 1844 46523716333117 
75186190786016 1918887 9 487 4934708383146891 
23 94588600 528470853461785 2551070 25855370106665 
9446135589516 83 65692554658828227 6846334 12142840786 
867 72119114974 4121202168841 77171 1588361408912 
2603525397379 94984038479733641 84 356 83 
41137 114073226849 89118751044263266 5157657362289 6133860555453719 
